1781033634985 0.10524414643726271 0
1781033635768 0.06847941083833575 1
1781033636576 0.033687430990697896 2
1781033637365 0.036401990335434675 3
1781033638160 0.03526693845228494 4
1781033639055 0.03289783906454787 5
1781033639962 0.02978789697036795 6
1781033640984 0.0348146581698371 7
1781033642064 0.029850288648563233 8
1781033643109 0.03104691158818162 9
1781033644006 0.02011975739657393 10
1781033644921 0.017980045234055622 11
1781033645847 0.01906288346356672 12
1781033646770 0.01927411600785411 13
1781033647705 0.015683250764951757 14
1781033648691 0.012908668328157586 15
1781033649727 0.010584046416308569 16
1781033650618 0.01015494952140295 17
